# POSITION WT SITE_ENTROPY PI_A PI_C PI_D PI_E PI_F PI_G PI_H PI_I PI_K PI_L PI_M PI_N PI_P PI_Q PI_R PI_S PI_T PI_V PI_W PI_Y
1 M 3.97209 0.0416627 0.0411326 0.0452331 0.0412454 0.0397859 0.0364789 0.0547635 0.0196199 0.0436349 0.0387483 0.252069 0.0431058 0.0374296 0.0412736 0.0405715 0.0326878 0.0302782 0.0305039 0.0467241 0.0430514
2 A 1.7803 0.716418 0.00725365 0.00539738 0.0260316 0.00778204 0.0117754 0.00440799 0.00464936 0.00698536 0.00223396 0.0336273 0.00627971 0.00459137 0.0051247 0.00978911 0.00915705 0.00738697 0.114606 0.0106516 0.00585167
3 S 3.83788 0.118143 0.0165929 0.00579722 0.00619849 0.0930931 0.0159012 0.0602838 0.043735 0.0121206 0.129462 0.0463239 0.0868222 0.00761788 0.037564 0.0123815 0.104142 0.0407346 0.0138665 0.0421731 0.107046
4 Q 3.79114 0.0260589 0.0288141 0.00488449 0.0386654 0.159414 0.00850735 0.0188033 0.0749691 0.0187817 0.0788573 0.0418827 0.128692 0.00107832 0.031468 0.0104541 0.0783852 0.0386531 0.0409406 0.0324873 0.138204
5 G 3.3942 0.122067 0.0806953 0.0117497 0.00759766 0.0060991 0.245053 0.0142971 0.006167 0.00769281 0.0102837 0.0130217 0.024817 0.0426469 0.00234216 0.176254 0.103287 0.0476352 0.00679584 0.0465691 0.0249283
6 T 1.49615 0.0450024 0.00740939 0.0065562 0.00603575 0.00596144 0.00416476 0.0129526 0.0259089 0.00713616 0.00373817 0.0122897 0.0168877 0.00606557 0.00520365 0.00363656 0.00917768 0.797465 0.00326101 0.0163006 0.00484717
7 K 1.6969 0.00291526 0.011643 0.00800383 0.0405765 0.00620368 0.00345723 0.00609121 0.0167813 0.75331 0.00241493 0.00999033 0.0634205 0.00186113 0.0139701 0.0123915 0.00220354 0.00671112 0.0123981 0.0134119 0.0122449
8 R 1.89587 0.00638291 0.0179709 0.00793778 0.00619781 0.0067282 0.0172884 0.00516623 0.00413116 0.00440049 0.0311546 0.0107887 0.00650645 0.0280696 0.0753887 0.715253 0.00481254 0.0115769 0.00583698 0.0293644 0.00504472
9 S 3.39662 0.12082 0.0133938 0.00351452 0.00706447 0.054167 0.00822203 0.00636231 0.0443873 0.00388726 0.108693 0.0732009 0.132681 0.00720149 0.0420567 0.00791473 0.273208 0.0416715 0.00645655 0.0173744 0.0277235
10 Y 3.87107 0.0780976 0.033009 0.0414015 0.0262419 0.052896 0.0112234 0.119091 0.090204 0.0505125 0.068269 0.0225467 0.0526442 0.022248 0.0255269 0.00190981 0.0193111 0.0293021 0.0807782 0.00302313 0.171764
11 E 3.50754 0.0246675 0.0381773 0.0665904 0.372603 0.0117024 0.0608383 0.0281474 0.0343741 0.0394235 0.0151389 0.0418196 0.0200975 0.00928819 0.0352971 0.0206235 0.0469559 0.0165989 0.0572403 0.0384288 0.0219862
12 Q 3.76016 0.0495849 0.0386979 0.0293265 0.00715621 0.0212516 0.00755633 0.111656 0.0228322 0.209903 0.0468593 0.0258048 0.070173 0.00640947 0.0612762 0.11361 0.0957962 0.0301438 0.019457 0.0189178 0.0135877
13 M 2.79553 0.0150693 0.0290041 0.0802072 0.0291745 0.0155058 0.0256167 0.010351 0.0375231 0.0403364 0.0190148 0.546484 0.02112 0.00719751 0.0110839 0.0132931 0.0113151 0.0151343 0.0190859 0.0149187 0.0385651
14 E 3.29504 0.00884988 0.0349223 0.0800369 0.282474 0.0188746 0.0113676 0.00800057 0.0161199 0.0838775 0.0808305 0.0139391 0.0332254 0.00280439 0.0223682 0.22691 0.0113289 0.0221213 0.0171363 0.0155843 0.00922898
15 T 3.40871 0.0159988 0.0832482 0.00802946 0.0442874 0.0273029 0.00586518 0.0775137 0.106742 0.00706747 0.115675 0.0308276 0.0319552 0.0171177 0.0198091 0.00666061 0.0263441 0.323873 0.029283 0.0122175 0.0101834
16 D 3.21173 0.0193311 0.0281194 0.437101 0.0585212 0.0152333 0.0871748 0.0290295 0.0129381 0.00947533 0.0092268 0.0443238 0.0317148 0.00675358 0.0354534 0.0369879 0.0166942 0.0576638 0.0215437 0.0139061 0.0288087
17 G 3.63458 0.0438498 0.110755 0.00901394 0.01299 0.00532534 0.23691 0.0101095 0.0229543 0.0648046 0.00908916 0.0693856 0.0862883 0.0961186 0.0911494 0.0164098 0.0431093 0.0332042 0.0213528 0.0130922 0.00408898
18 E 3.97639 0.0526391 0.0264341 0.103329 0.15964 0.0318222 0.0232601 0.052931 0.0579955 0.0148998 0.0595431 0.0150895 0.0366737 0.0596643 0.0401384 0.00857027 0.0325148 0.0507003 0.121888 0.0174591 0.034807
19 R 2.76589 0.0180148 0.0277512 0.0174784 0.0119793 0.0498893 0.0303766 0.0350659 0.00717738 0.0667031 0.0147855 0.0184603 0.0160377 0.0199175 0.0127538 0.559554 0.0148748 0.026313 0.0167982 0.0160677 0.0200013
20 Q 2.60958 0.00851022 0.00831291 0.00407549 0.0120249 0.00816564 0.00526606 0.0190585 0.00956665 0.0129748 0.0203514 0.0158748 0.0136437 0.280787 0.432906 0.0475341 0.0673022 0.0099703 0.00715851 0.00785237 0.00866328
21 N 3.8442 0.0157089 0.0863821 0.0149916 0.0564067 0.00347858 0.0186896 0.0192427 0.020979 0.0986537 0.0459372 0.0958616 0.118635 0.0362658 0.016961 0.0522885 0.115971 0.134076 0.0212943 0.00991323 0.0182644
22 A 3.48382 0.151303 0.00847053 0.0188297 0.0164188 0.0139044 0.012764 0.0264326 0.0107456 0.0979213 0.00873238 0.0079902 0.027112 0.027943 0.018097 0.237453 0.0814659 0.0841034 0.131436 0.00985633 0.00902152
23 T 3.84873 0.0620412 0.0350814 0.00646924 0.00875508 0.0282306 0.0573294 0.175899 0.0233985 0.0206411 0.0550788 0.027116 0.0450906 0.0108265 0.0770276 0.0414805 0.146533 0.104669 0.0342772 0.0178316 0.0222233
24 E 3.61101 0.0320302 0.019883 0.0362121 0.281232 0.0184664 0.00928984 0.0256462 0.0518397 0.0357879 0.0278609 0.0422768 0.0182787 0.0100719 0.164188 0.0415407 0.0215669 0.0572004 0.0742415 0.0131396 0.0192483
25 I 3.46905 0.0130182 0.00610609 0.0374985 0.0128296 0.019788 0.0752146 0.0130998 0.329426 0.0348791 0.0193143 0.0769584 0.00995836 0.0512445 0.104277 0.0636507 0.0135325 0.0162358 0.0721728 0.0168742 0.013921
26 R 3.24044 0.0359919 0.0120555 0.0119799 0.0333154 0.0526786 0.0323112 0.0212444 0.0243566 0.0972932 0.017504 0.0442237 0.00828194 0.0106436 0.0237166 0.416227 0.0895415 0.0144925 0.0103032 0.0185587 0.0252802
27 A 3.80032 0.150475 0.0118903 0.00493117 0.0177141 0.0227246 0.0206359 0.0849422 0.0235517 0.164009 0.0317559 0.0623608 0.0253188 0.0123675 0.066325 0.0998519 0.0358061 0.0412652 0.0941389 0.0123147 0.0176207
28 S 3.50978 0.0614525 0.0492337 0.00599536 0.0146881 0.0255016 0.0761972 0.0503591 0.00564512 0.106505 0.0108462 0.0161665 0.24435 0.00691063 0.0828293 0.0427756 0.160204 0.0135395 0.00723798 0.00673903 0.0128246
29 V 3.19812 0.0514732 0.0464553 0.0510223 0.0123554 0.0320698 0.0106055 0.0115802 0.257142 0.00838128 0.020305 0.0276034 0.0133797 0.013827 0.0125254 0.0249758 0.0267213 0.0203255 0.326145 0.0239385 0.00916856
30 G 3.42427 0.0744067 0.0376846 0.00981768 0.0245252 0.0368135 0.253845 0.00962197 0.0133202 0.0238938 0.00928932 0.0248215 0.226319 0.0112515 0.115657 0.0168775 0.023099 0.0280043 0.0183843 0.0312444 0.0111239
31 K 3.59693 0.0338618 0.0445144 0.0174278 0.0722878 0.0204624 0.0582461 0.0277201 0.0209961 0.314567 0.0208384 0.0442035 0.0418609 0.0288049 0.0269558 0.133696 0.023122 0.0228216 0.0177782 0.0173617 0.0124737
32 M 3.24924 0.0136622 0.0217851 0.0195716 0.0206577 0.0186426 0.0221651 0.0185457 0.0212518 0.0277015 0.0168923 0.417079 0.122813 0.0287526 0.01157 0.0201397 0.0646106 0.0412025 0.0573762 0.0179049 0.0176751
33 I 3.63459 0.0736702 0.0897428 0.017364 0.0282791 0.027516 0.0546473 0.00705912 0.257485 0.0138373 0.099757 0.0904602 0.0202944 0.0146645 0.00803435 0.00606708 0.01929 0.0549787 0.0827442 0.0197638 0.0143455
34 D 4.04284 0.0936842 0.0457729 0.0890348 0.128909 0.0567021 0.0484681 0.034462 0.0827746 0.0175339 0.0704485 0.0652353 0.0268468 0.00264839 0.0342849 0.0245249 0.0439078 0.0246837 0.0587741 0.00996703 0.0413372
35 G 3.54784 0.06155 0.0302135 0.0223905 0.0243678 0.0319409 0.347925 0.0543833 0.0317996 0.0344736 0.0262006 0.0202384 0.0461937 0.0164955 0.0128813 0.0249994 0.115106 0.0328633 0.0222663 0.0186891 0.0250226
36 I 3.78957 0.0565307 0.0216479 0.086024 0.024191 0.0876911 0.0196892 0.0145291 0.249789 0.0179533 0.0391376 0.0864699 0.0315572 0.0104196 0.0316282 0.0229379 0.0304968 0.0670625 0.0558513 0.0337402 0.0126525
37 G 3.68934 0.0370818 0.0330308 0.0275243 0.0813144 0.0318585 0.319333 0.015793 0.0368487 0.0374724 0.0289101 0.0262486 0.0290995 0.0242579 0.0241687 0.0283999 0.0771322 0.0171394 0.0627071 0.0401354 0.0215445
38 R 3.8462 0.050175 0.0299142 0.0257442 0.0217356 0.0236384 0.0555373 0.0619459 0.0403836 0.0340155 0.0601006 0.0342928 0.0269342 0.0290431 0.0517516 0.280168 0.0385872 0.0479032 0.0179828 0.0487581 0.0213894
39 F 3.71077 0.0995255 0.132103 0.0117862 0.0181992 0.16867 0.00932256 0.00886376 0.0174093 0.021738 0.016372 0.152241 0.045529 0.0357597 0.0196807 0.0178651 0.0249585 0.0234957 0.0219999 0.107625 0.0468541
40 Y 3.37889 0.0491386 0.0194371 0.0458361 0.0103917 0.0345206 0.0117821 0.162363 0.014524 0.00773319 0.0215397 0.0222323 0.0208066 0.0160354 0.0403883 0.0528636 0.0160252 0.0320068 0.0170599 0.0517681 0.353548
41 I 4.14463 0.0489715 0.0513213 0.0253425 0.0367282 0.0384786 0.0658994 0.0115325 0.0994161 0.00919422 0.0873734 0.0594459 0.0611418 0.0353354 0.0573137 0.0346189 0.0719861 0.0924568 0.0469017 0.0340006 0.0325413
42 Q 3.39379 0.0309288 0.032384 0.037374 0.033446 0.0197983 0.0532852 0.0486933 0.0367159 0.0636883 0.0213064 0.0189168 0.0140261 0.0335852 0.415463 0.0306639 0.0183592 0.0175787 0.0235358 0.0203878 0.0298637
43 M 3.68454 0.0350648 0.0268689 0.0170466 0.0392766 0.0368096 0.0239065 0.0391227 0.0347645 0.0524899 0.0472561 0.235965 0.205181 0.00935632 0.0167025 0.02156 0.0178538 0.044402 0.0529426 0.0135143 0.0299154
44 C 3.9255 0.0471451 0.149698 0.0159612 0.0386784 0.0227182 0.0430151 0.0158086 0.0843073 0.129652 0.054804 0.0271268 0.039136 0.0121722 0.0145266 0.0389549 0.0168233 0.0323688 0.104718 0.0918464 0.020539
45 T 3.73544 0.0231381 0.0731509 0.0328894 0.0127912 0.0218607 0.0193777 0.0249696 0.0297786 0.0232635 0.0621784 0.0297554 0.0419551 0.0285284 0.0208871 0.0380143 0.0867958 0.254582 0.138791 0.0239371 0.0133557
46 E 3.7505 0.0234519 0.0458068 0.0409933 0.305198 0.054877 0.0251762 0.0270254 0.0519523 0.0237698 0.0274698 0.0550148 0.0344684 0.0765596 0.0258806 0.0387277 0.0187626 0.05568 0.0291266 0.0254981 0.0145616
47 L 3.85953 0.0175548 0.0908959 0.0381013 0.0199424 0.032916 0.0429001 0.0256043 0.0411147 0.02546 0.255478 0.0653743 0.0218349 0.0494885 0.0175466 0.0489741 0.025688 0.0410983 0.0744085 0.0231059 0.0425136
48 K 3.9254 0.0715054 0.025465 0.043649 0.0132895 0.0268075 0.124846 0.0456799 0.0316855 0.19792 0.0293394 0.0435534 0.0455816 0.0224625 0.0819747 0.0309133 0.0387436 0.0616785 0.0371846 0.0163003 0.0114205
49 L 3.85347 0.0559814 0.0281354 0.0292443 0.0184231 0.0844417 0.0183251 0.0160873 0.0691721 0.0165418 0.254899 0.0438209 0.026508 0.0358499 0.0338092 0.0302258 0.0228592 0.0584657 0.0639074 0.0327844 0.0605175
50 S 3.89463 0.161001 0.078283 0.0205903 0.0465399 0.031525 0.122758 0.0427336 0.00598888 0.0449865 0.0214553 0.0296585 0.0255215 0.0770066 0.090238 0.0308134 0.0706878 0.0693867 0.0168489 0.00483639 0.00914018
51 D 3.84053 0.0635992 0.017612 0.0947645 0.0324325 0.0125049 0.072849 0.0125887 0.0401076 0.0066964 0.0461145 0.0204136 0.207013 0.0413953 0.0535094 0.0428222 0.0349354 0.116697 0.0556905 0.00908349 0.019171
52 Y 3.75523 0.106751 0.0219164 0.0162431 0.034263 0.0433018 0.0499308 0.0183091 0.016434 0.0160278 0.01668 0.0654467 0.0490946 0.0312517 0.0141774 0.0186753 0.0517587 0.232922 0.0312784 0.0241659 0.141373
53 E 3.68635 0.0713503 0.0296202 0.0615572 0.324734 0.0290718 0.0181182 0.0215838 0.0269663 0.0350475 0.0239989 0.0257525 0.023365 0.0196108 0.0392861 0.0273116 0.054615 0.0320308 0.023122 0.0454432 0.0674146
54 G 3.72324 0.136122 0.0211733 0.033909 0.0312914 0.0145407 0.250918 0.0781068 0.0129368 0.0184465 0.0148031 0.0228544 0.0352035 0.0297009 0.0537301 0.0393436 0.0851151 0.0654059 0.0200517 0.0211267 0.0152209
55 R 3.76271 0.0308912 0.0443026 0.0368004 0.0225535 0.0254393 0.0207989 0.0857742 0.0243698 0.136792 0.0602546 0.0252479 0.0230368 0.030897 0.0488656 0.260193 0.024967 0.0287947 0.0266554 0.0137201 0.0296454
56 L 3.87505 0.0326092 0.0442526 0.0246429 0.0231231 0.0189927 0.0296471 0.0466943 0.0703502 0.0167262 0.197119 0.0896375 0.116948 0.0331761 0.0180324 0.010617 0.036019 0.0948766 0.0581952 0.0147173 0.0236237
57 I 3.53607 0.0317265 0.0158709 0.0184901 0.0135235 0.02539 0.0449587 0.0126711 0.224758 0.0199224 0.208848 0.0275472 0.0477346 0.0319085 0.0300328 0.0228916 0.0148903 0.0210754 0.154154 0.0188537 0.0147512
58 Q 3.48679 0.0268198 0.0204759 0.0308196 0.0349086 0.0234702 0.023724 0.0457327 0.0159122 0.0450418 0.0216474 0.0251011 0.0861684 0.0325368 0.38709 0.0386307 0.021643 0.0252448 0.0247245 0.0278178 0.0424911
59 N 3.42816 0.0255281 0.0146781 0.0595464 0.0215613 0.0242707 0.083305 0.0456891 0.0120257 0.0443999 0.0419047 0.0271071 0.392228 0.0186864 0.0180124 0.0374154 0.0186626 0.0498378 0.0256603 0.0193069 0.0201745
60 S 3.74781 0.0262433 0.0588068 0.0211073 0.0121304 0.0173136 0.0817526 0.00917572 0.0536144 0.0451641 0.0321857 0.0682772 0.0537956 0.0271651 0.0242255 0.0316907 0.275863 0.0850523 0.0271218 0.0382777 0.0110377
61 L 3.80665 0.0161353 0.0446196 0.0616526 0.0375329 0.0403789 0.0218133 0.0289146 0.094265 0.0134494 0.153394 0.0357942 0.0382756 0.0127069 0.0229826 0.00975451 0.0339323 0.0373614 0.21845 0.0327149 0.0458726
62 T 3.46673 0.0652742 0.0408286 0.0104372 0.0355222 0.0166489 0.034537 0.0222245 0.0146753 0.0110814 0.0181242 0.0115929 0.15519 0.0236357 0.0124856 0.0230385 0.235054 0.208953 0.0226725 0.0160942 0.0219289
63 I 3.77179 0.0886362 0.078231 0.136095 0.0149102 0.0202026 0.00791095 0.0183839 0.202333 0.0233068 0.081285 0.0695511 0.0123163 0.0505354 0.0219715 0.0248801 0.0126535 0.0237977 0.0703604 0.0176699 0.0249697
64 E 3.68912 0.0147952 0.0425084 0.047546 0.335666 0.0205369 0.0460376 0.0266955 0.0528637 0.0243893 0.0479087 0.0323416 0.0259234 0.0451118 0.0219406 0.0435388 0.0326981 0.0297834 0.0438747 0.0206856 0.0451543
65 R 3.42305 0.0220862 0.0393232 0.035693 0.0367717 0.0287295 0.0390148 0.0202183 0.0152673 0.079959 0.0167756 0.0302686 0.0559064 0.0306003 0.0261233 0.401388 0.040467 0.0250622 0.0258167 0.0185588 0.0119705
66 M 3.75652 0.0400793 0.0434391 0.0342466 0.029152 0.06992 0.0442226 0.020401 0.0379798 0.0418716 0.0275733 0.317494 0.0300126 0.0202774 0.0422215 0.0435691 0.0333886 0.0334576 0.0391932 0.0298656 0.0216348
67 V 3.87487 0.0711979 0.0283922 0.0213437 0.0446669 0.0309783 0.0680345 0.0342884 0.148277 0.0262411 0.0259351 0.0667763 0.0786862 0.0120433 0.0214708 0.0108576 0.0384009 0.0238073 0.192722 0.0234569 0.0324232
68 L 3.9116 0.037473 0.0303729 0.0131193 0.0211082 0.0476228 0.0498681 0.0663482 0.100604 0.0255061 0.228418 0.0408358 0.085536 0.0302287 0.035047 0.0236342 0.0485356 0.0333447 0.0324475 0.0299554 0.0199946
69 S 3.42458 0.0564261 0.0436932 0.0135241 0.0205637 0.020861 0.0980043 0.0331627 0.0228203 0.0212698 0.0188344 0.0233794 0.0467247 0.0293099 0.0254801 0.0157974 0.390613 0.0429115 0.0155422 0.0365873 0.0244952
70 A 3.48403 0.266837 0.0428836 0.0510161 0.0306084 0.0121376 0.111137 0.0126664 0.0250482 0.0128768 0.0113299 0.0131935 0.01856 0.00831414 0.0148756 0.0161001 0.154317 0.126134 0.0186665 0.029872 0.0234264
71 F 3.79481 0.0362779 0.0209604 0.0312234 0.0198679 0.215907 0.0216573 0.0352777 0.0176333 0.0398705 0.0356993 0.0268055 0.0349825 0.0266913 0.030198 0.0452012 0.0256139 0.021824 0.0325213 0.113591 0.168196
72 D 3.30564 0.0247375 0.0322338 0.44414 0.0462407 0.0235306 0.0360524 0.0282229 0.0153207 0.017749 0.0179405 0.0358883 0.0250915 0.0192271 0.0188629 0.0442232 0.0292626 0.0286255 0.0259376 0.0537953 0.0329176
73 E 4.03262 0.0400558 0.0648281 0.0289871 0.0515314 0.0509615 0.0262881 0.0276139 0.0880973 0.0386657 0.131341 0.0138001 0.0229263 0.00223964 0.0553737 0.0233418 0.0490503 0.104293 0.0937039 0.0293214 0.0575797
74 R 3.72812 0.0457516 0.0180322 0.0494679 0.0264791 0.0277537 0.0189115 0.0459513 0.013194 0.146807 0.0512384 0.0476114 0.0288627 0.0245507 0.044583 0.270213 0.0504166 0.0173978 0.0328928 0.0253077 0.0145769
75 R 3.24725 0.0183909 0.0188759 0.0316901 0.0170628 0.0165836 0.0256379 0.0260164 0.0617051 0.110427 0.014234 0.0275125 0.0297105 0.0108873 0.0158865 0.429246 0.0203981 0.0379686 0.0175375 0.036872 0.0333583
76 N 3.78798 0.028808 0.0320072 0.0320172 0.0529556 0.00897356 0.0159348 0.011725 0.108665 0.0286126 0.0469294 0.0513149 0.133484 0.00424438 0.064932 0.0147548 0.0299143 0.0201868 0.121159 0.17563 0.0177525
77 K 3.87541 0.0492675 0.123746 0.00954716 0.0100378 0.00857516 0.055241 0.0934886 0.0648428 0.052651 0.0496576 0.0524391 0.0462703 0.00654949 0.0319656 0.15911 0.0514936 0.0350297 0.0852839 0.00653316 0.00827098
78 Y 3.27257 0.0222861 0.0262316 0.0168141 0.022782 0.180179 0.0147538 0.208555 0.0252189 0.0110065 0.0120239 0.0085867 0.021081 0.00718959 0.0136443 0.0208743 0.0103486 0.0138108 0.0295576 0.0656617 0.269394
79 L 3.32321 0.026539 0.036422 0.0373539 0.0210722 0.025342 0.0177368 0.0209929 0.0694823 0.0148626 0.430951 0.0548824 0.0227041 0.0185098 0.0370719 0.0181302 0.0181359 0.0301802 0.0442112 0.0188189 0.0365995
80 E 3.92464 0.0278113 0.061939 0.0524468 0.227853 0.0512189 0.0437078 0.0417863 0.0625312 0.029052 0.019882 0.0202942 0.0434452 0.00331524 0.0414653 0.0131203 0.0695706 0.0575987 0.0534099 0.0260042 0.0535473
81 E 3.87673 0.0166844 0.0536587 0.0589335 0.238787 0.0555886 0.0530747 0.0375373 0.0551649 0.0254349 0.0301153 0.0240175 0.0450798 0.00693225 0.019475 0.02174 0.0318167 0.0236652 0.100994 0.0434545 0.0578463
82 H 3.74711 0.0200704 0.0864206 0.00321309 0.00693992 0.151923 0.00345245 0.0663409 0.0175907 0.0321973 0.015409 0.0693792 0.0354418 0.00195327 0.167512 0.0384062 0.050153 0.0373908 0.0286184 0.0583348 0.109254
83 P 3.81722 0.0691664 0.060251 0.00801603 0.0275078 0.0153117 0.0815524 0.0381314 0.0203817 0.0147856 0.014501 0.038975 0.0643493 0.130192 0.220236 0.0311635 0.0521387 0.0373876 0.0401866 0.0129221 0.022845
84 S 3.77606 0.181896 0.0642262 0.00551899 0.00819571 0.00834732 0.0710669 0.0394524 0.0518921 0.0113796 0.067809 0.108291 0.122106 0.0161999 0.0329542 0.00669987 0.0808447 0.054132 0.01923 0.0405381 0.00922009
85 A 4.0633 0.0969335 0.0347027 0.0106875 0.0161812 0.0155748 0.0590419 0.0672795 0.0393528 0.0356967 0.0329835 0.0131518 0.0682864 0.0834243 0.0748807 0.0566326 0.0493203 0.0873207 0.0645106 0.0057012 0.0883376
86 G 3.77117 0.0414829 0.0152438 0.0101593 0.012594 0.0348708 0.101839 0.18561 0.00724225 0.0710545 0.0651508 0.0290317 0.160606 0.0411984 0.0543238 0.0508107 0.0434852 0.0434747 0.00621734 0.00996801 0.0156377
87 K 2.67418 0.0113712 0.0339473 0.011057 0.0368161 0.0081633 0.0132516 0.0136302 0.0203225 0.587674 0.0111721 0.0402594 0.0222599 0.0184884 0.0268769 0.0372785 0.0227576 0.0214918 0.0239837 0.0173886 0.0218098
88 D 2.72719 0.00414143 0.145175 0.173291 0.015646 0.0120522 0.0137378 0.0131197 0.0172132 0.0110941 0.00939341 0.0147528 0.448048 0.00781004 0.0214685 0.00563625 0.0554919 0.00821928 0.00836431 0.00884351 0.00650183
89 P 3.78265 0.155374 0.108257 0.0135933 0.0114962 0.102551 0.049158 0.0201339 0.01568 0.0131684 0.0248313 0.0185264 0.0158212 0.150263 0.0127158 0.0128225 0.0655291 0.0153711 0.0621225 0.0800269 0.0525591
90 K 3.89507 0.0320748 0.0166597 0.0115478 0.0254862 0.00626971 0.0585712 0.0899747 0.052539 0.117117 0.0322745 0.0586772 0.0853799 0.00255018 0.0989521 0.0995556 0.0309751 0.121052 0.0309381 0.0168073 0.0125975
91 K 2.64646 0.0110199 0.0238762 0.0132894 0.0259529 0.0161629 0.00994959 0.0135836 0.00903398 0.383478 0.00917726 0.0358159 0.020673 0.0137882 0.0108793 0.348521 0.0132164 0.0063992 0.00831818 0.0168932 0.0099732
92 T 3.25102 0.0412074 0.0334752 0.0387769 0.00999588 0.0301281 0.0437796 0.0247964 0.0234991 0.0217296 0.0230468 0.0380879 0.0764425 0.0198607 0.0234213 0.0226613 0.0287897 0.448102 0.0142768 0.0244834 0.0134396
93 G 3.14794 0.0218324 0.0109868 0.0225766 0.0370923 0.0247769 0.480691 0.0170628 0.0119985 0.0269836 0.0298206 0.0385715 0.0175788 0.0430694 0.0514836 0.026663 0.0320949 0.0256355 0.0208916 0.0418813 0.0183084
94 G 3.31463 0.0197689 0.0197913 0.0547278 0.0411644 0.0241164 0.443053 0.0270154 0.0433745 0.0341366 0.0191654 0.0399268 0.0353922 0.0184318 0.0307628 0.0251378 0.0195502 0.0309701 0.0272117 0.0261 0.0202029
95 P 3.80266 0.14696 0.0389067 0.0300911 0.0865238 0.011524 0.0695008 0.0311264 0.0157103 0.025542 0.0160816 0.0377784 0.0277425 0.219981 0.0226279 0.0269003 0.0816153 0.0194693 0.0305199 0.0344894 0.0269094
96 I 3.5718 0.0192819 0.039013 0.0199888 0.0215961 0.0377222 0.0179884 0.018953 0.253802 0.0270608 0.129165 0.0460444 0.0159943 0.0149921 0.0108833 0.0115749 0.0254179 0.038873 0.183874 0.0278105 0.039964
97 Y 3.58764 0.0243415 0.0478877 0.025676 0.0429577 0.0732813 0.0310486 0.0326387 0.0258274 0.0857574 0.019108 0.0194197 0.0323138 0.0159187 0.0373914 0.0388346 0.0235301 0.0231858 0.0279732 0.0221609 0.350747
98 K 3.80891 0.0232823 0.0331478 0.0106738 0.0194818 0.0184728 0.0111812 0.0637645 0.0240006 0.208923 0.0551032 0.10737 0.0572668 0.0149904 0.0669895 0.12567 0.038562 0.0561514 0.0312146 0.023525 0.0102297
99 R 3.63122 0.0579684 0.0303083 0.0178097 0.0221745 0.0126226 0.0417877 0.0291596 0.0393447 0.13353 0.0278606 0.0228346 0.0456837 0.00867902 0.0247172 0.308849 0.0388561 0.0443314 0.0269485 0.0171917 0.0493432
100 V 4.15659 0.093066 0.0424756 0.0130259 0.0666286 0.043 0.0492734 0.0672189 0.029532 0.0137389 0.0748918 0.0813827 0.0405864 0.0542444 0.0438561 0.0419266 0.0382508 0.0452617 0.066031 0.0117338 0.0838754
101 D 3.79525 0.0593513 0.0168091 0.264392 0.069862 0.00866866 0.0322926 0.0224675 0.0305733 0.0206365 0.0520999 0.0318254 0.0515239 0.0885143 0.0376032 0.0284432 0.0387434 0.0752698 0.0401335 0.0111565 0.0196332
102 R 3.87182 0.0429658 0.0386269 0.01769 0.0101503 0.073409 0.0738083 0.0768514 0.0161431 0.069671 0.0824745 0.0323609 0.0120523 0.0145748 0.0122422 0.184871 0.0379141 0.0197632 0.0112958 0.100375 0.0727597
103 K 3.88014 0.0774705 0.0471772 0.0244973 0.0385793 0.00732181 0.0349982 0.045547 0.0295071 0.155857 0.0387044 0.0427426 0.0859074 0.00818604 0.018227 0.0875974 0.0343279 0.0432617 0.156714 0.0112819 0.0120944
104 W 3.44629 0.0259195 0.0595793 0.021643 0.011781 0.122325 0.0237974 0.0180248 0.0492587 0.0174588 0.0202823 0.0330162 0.0320278 0.0144789 0.0288763 0.0325802 0.0193139 0.0189664 0.0470836 0.370347 0.0332405
105 M 4.1304 0.0508458 0.0675642 0.0326313 0.026528 0.0858446 0.0640264 0.0762167 0.0361219 0.0339522 0.0834137 0.127612 0.0387386 0.0175592 0.059824 0.0218817 0.0298682 0.0520723 0.0396268 0.0219118 0.0337603
106 R 3.50218 0.0282249 0.0233953 0.0239776 0.0323383 0.0189868 0.0271899 0.0356925 0.0233143 0.0760351 0.0272578 0.0349414 0.0474661 0.0190101 0.0292022 0.387521 0.0465154 0.0194112 0.0275326 0.0406604 0.0313271
107 E 3.54325 0.0438252 0.0278581 0.184065 0.295129 0.0186843 0.0185948 0.0672503 0.0207826 0.0256538 0.0189925 0.0255003 0.0571706 0.0143164 0.0273065 0.0173164 0.0489079 0.0210998 0.0333277 0.0195577 0.0146619
108 L 3.80912 0.0229309 0.085676 0.0196114 0.024996 0.0274301 0.0479087 0.0339171 0.032841 0.0295391 0.267812 0.0494139 0.0122062 0.0874805 0.0515403 0.0263825 0.0398298 0.0549748 0.0480514 0.0141334 0.0233248
109 V 3.80185 0.0580275 0.175714 0.0236842 0.0323536 0.0300473 0.0193624 0.0167716 0.0501223 0.0440667 0.0416497 0.0949573 0.0114374 0.0164502 0.0965358 0.0184674 0.0240202 0.0477104 0.171742 0.0150985 0.0117814
110 L 3.30204 0.00941511 0.0273067 0.0270359 0.0152076 0.0334892 0.0150614 0.0219627 0.117916 0.0463076 0.404929 0.0214418 0.0166325 0.0414399 0.0158292 0.0295112 0.0120171 0.0594506 0.0493094 0.0224197 0.0133182
111 Y 3.68933 0.0100144 0.0137355 0.022704 0.0401337 0.104866 0.00711739 0.0400571 0.121849 0.00811864 0.033322 0.0998619 0.0243693 0.0103845 0.0223726 0.00808315 0.044525 0.218789 0.0600097 0.0209715 0.088715
112 D 3.86735 0.0466082 0.045927 0.243297 0.0727506 0.0161206 0.0358976 0.0468418 0.0253209 0.0201024 0.038691 0.0276093 0.122484 0.0274795 0.0292804 0.042187 0.0308522 0.019759 0.0280487 0.0329969 0.0477455
113 K 2.96787 0.011833 0.0163567 0.0242245 0.0313865 0.0246766 0.0079511 0.0434404 0.0210916 0.520506 0.0194115 0.0211861 0.0268765 0.0257547 0.0477979 0.037843 0.0426296 0.0239989 0.010154 0.0292656 0.0136151
114 E 3.88122 0.0331937 0.0309972 0.0690713 0.181252 0.14695 0.0213711 0.0191617 0.0288956 0.0690963 0.0470684 0.0509195 0.0617929 0.0116936 0.0505245 0.0147336 0.0191017 0.0174754 0.00702179 0.0710056 0.0486746
115 E 3.40622 0.0393764 0.0164218 0.0551374 0.414252 0.0369985 0.0523507 0.0443559 0.0232457 0.0312111 0.0163854 0.0317818 0.0280858 0.0208608 0.0322199 0.0317893 0.0454218 0.0151417 0.0231602 0.0221128 0.0196911
116 I 3.34854 0.0295444 0.0879606 0.0221182 0.0197982 0.018975 0.0238077 0.0102243 0.268579 0.0192637 0.0426616 0.027324 0.0303517 0.0152695 0.0268447 0.0123274 0.0100233 0.0346854 0.268176 0.0207493 0.011315
117 R 3.88472 0.0253732 0.0568917 0.0151325 0.0248956 0.0269477 0.0271593 0.0347717 0.0545322 0.0327559 0.0659233 0.0764399 0.0157907 0.00823058 0.163599 0.179616 0.0501373 0.0317772 0.0598028 0.0275936 0.0226301
118 R 3.76941 0.036349 0.0768194 0.0128399 0.0346113 0.0225863 0.0235023 0.0307043 0.055622 0.117585 0.0437248 0.0306338 0.023412 0.0230173 0.0435415 0.275049 0.019141 0.0415147 0.0224271 0.0374957 0.0294239
119 I 3.78187 0.0789278 0.146947 0.0257288 0.0261527 0.0277398 0.0326108 0.0358346 0.228804 0.0162624 0.0364787 0.0444287 0.0373515 0.0121302 0.0238311 0.0115459 0.0157549 0.0638994 0.0828627 0.0289874 0.0237214
120 W 3.49227 0.0351566 0.0287062 0.0255234 0.0396358 0.0430611 0.0275804 0.0337062 0.0252983 0.0310349 0.024612 0.0371189 0.0363544 0.0235556 0.0269882 0.0256255 0.0236799 0.0126542 0.0236497 0.386276 0.0897831
121 R 3.97164 0.0441071 0.0490782 0.0192889 0.0137152 0.0312143 0.0255812 0.0516008 0.03546 0.0576585 0.0776818 0.0488576 0.0356351 0.00802589 0.0250794 0.201034 0.0716615 0.0232428 0.0377357 0.0603334 0.0830091
122 Q 3.71391 0.0190417 0.0923745 0.00770697 0.0138204 0.0445986 0.016913 0.076187 0.143952 0.018218 0.0642377 0.0337843 0.0174159 0.0154988 0.113232 0.027577 0.0198839 0.0609887 0.196009 0.0099212 0.00863982
123 A 3.62871 0.285393 0.0790366 0.0232832 0.0302685 0.0173015 0.121986 0.0175942 0.0223836 0.0142814 0.0327754 0.0227327 0.0175959 0.0201115 0.0176143 0.037728 0.109852 0.0341516 0.0469521 0.0362902 0.0126689
124 N 3.84078 0.0277681 0.0518419 0.034948 0.0362656 0.0340881 0.0513985 0.0720522 0.0375341 0.026925 0.0143649 0.0340512 0.27114 0.0265155 0.0598718 0.0185785 0.0605067 0.0177507 0.0176775 0.0503037 0.0564177
125 N 4.07934 0.0230765 0.0914766 0.0310103 0.0362147 0.0442719 0.0623008 0.0343202 0.0312139 0.0231606 0.0899864 0.0543308 0.15049 0.015422 0.0427269 0.0574352 0.0656147 0.0379095 0.0230303 0.0212632 0.0647453
126 G 3.93412 0.0658402 0.0555402 0.0153836 0.0348957 0.0151152 0.162868 0.0313241 0.019844 0.059364 0.154686 0.0423853 0.0534992 0.00982287 0.0653935 0.0498828 0.0499833 0.054415 0.0229179 0.0133758 0.0234641
127 D 4.15432 0.0675919 0.0205316 0.0660063 0.0520347 0.0605287 0.0391079 0.0478609 0.0427814 0.0378435 0.0941345 0.0239029 0.0387477 0.0125712 0.080857 0.040337 0.0593478 0.0519623 0.109927 0.0311753 0.0227503
128 D 4.09277 0.0878886 0.0261158 0.0575776 0.03498 0.0719482 0.0357053 0.0973331 0.0159315 0.0358789 0.0753871 0.0527073 0.108809 0.03198 0.0188474 0.0225634 0.0706611 0.0661122 0.0398812 0.0066469 0.0430454
129 A 3.84504 0.14886 0.0255919 0.00876966 0.0179409 0.0164284 0.12726 0.0270839 0.0196176 0.0991454 0.0374813 0.111435 0.0227023 0.0141825 0.0339766 0.0637169 0.0698438 0.0776331 0.0613309 0.00645599 0.0105453
130 T 3.86716 0.0392007 0.0451683 0.00950093 0.0102528 0.0154146 0.00953872 0.100847 0.0129371 0.132634 0.0510033 0.0650589 0.0354022 0.0506676 0.050099 0.046058 0.0274092 0.155455 0.109131 0.0219799 0.0122423
131 A 3.41058 0.18343 0.0159354 0.0208607 0.022861 0.0135037 0.0189887 0.0902292 0.0191942 0.00784288 0.0105857 0.0302646 0.0395359 0.29457 0.03032 0.0122491 0.100075 0.0188039 0.0468749 0.0140782 0.00979765
132 G 3.46782 0.0553114 0.0296369 0.0332934 0.0183493 0.0160153 0.380217 0.0220479 0.0945987 0.0189645 0.0235453 0.0334381 0.030928 0.0195852 0.0272211 0.024108 0.0696874 0.0213735 0.0264834 0.0289792 0.026216
133 L 3.25474 0.0297626 0.0194831 0.0520522 0.0172816 0.0157275 0.015788 0.0123843 0.288664 0.0275776 0.287353 0.0507159 0.00870904 0.0146197 0.0228204 0.0346224 0.0134916 0.0130852 0.0305981 0.0192725 0.0259915
134 T 3.36195 0.0567529 0.0721498 0.0232948 0.0156117 0.0182101 0.0146514 0.0128885 0.0154424 0.00888895 0.0139352 0.0335809 0.0345668 0.0152034 0.0125939 0.012161 0.127847 0.358973 0.0822065 0.0195657 0.0514756
135 H 3.48837 0.0308807 0.0241599 0.0259765 0.0275172 0.0343386 0.0230568 0.396304 0.0213004 0.0416091 0.0202703 0.0580857 0.0351748 0.0278932 0.0442934 0.0378546 0.0240317 0.0182177 0.026309 0.0516028 0.0311242
136 M 3.51143 0.0332807 0.0504551 0.00787793 0.0219017 0.0597296 0.0224702 0.0138829 0.229795 0.00928864 0.130303 0.186439 0.0153806 0.0130233 0.0476103 0.00859664 0.0140594 0.0197189 0.0889122 0.0096202 0.0176542
137 M 3.31628 0.0182435 0.0279658 0.0235371 0.0491127 0.0313889 0.0118368 0.0251163 0.0545144 0.0574524 0.0332421 0.436202 0.0221348 0.030436 0.0191028 0.0148661 0.0198992 0.0383585 0.0343184 0.0283397 0.0239322
138 I 3.19268 0.0289303 0.0154395 0.0207648 0.0129991 0.0365455 0.0169195 0.0161147 0.452878 0.0417689 0.082021 0.0615142 0.0248013 0.0336827 0.0175154 0.010983 0.0227277 0.0277765 0.0389368 0.0264695 0.0112109
139 W 3.52797 0.0153846 0.0340426 0.0201426 0.0224104 0.0691417 0.0388061 0.0483159 0.0304398 0.0190645 0.061661 0.0308431 0.0219323 0.0259494 0.027624 0.0209688 0.0272471 0.0288338 0.0341722 0.376862 0.0461581
140 H 3.70005 0.0158268 0.0302567 0.0413425 0.058178 0.0275723 0.0400331 0.314875 0.032258 0.0184477 0.0322814 0.0240412 0.0414263 0.0169415 0.105072 0.0277332 0.0391412 0.0347632 0.0298916 0.0299434 0.0399758
141 S 3.52348 0.0847837 0.0371679 0.0485349 0.0309657 0.0503277 0.0789577 0.0223786 0.0227904 0.0135997 0.0149874 0.0242573 0.019113 0.0433604 0.0113583 0.0141073 0.357869 0.0380378 0.0348873 0.022791 0.0297256
142 N 3.43902 0.0356835 0.0309394 0.0388744 0.0264271 0.0321403 0.0257654 0.0429999 0.0305336 0.0381347 0.0242103 0.0410805 0.413129 0.0363629 0.0263781 0.0165191 0.043678 0.0155961 0.0182284 0.0306982 0.0326215
143 L 3.51452 0.0167504 0.0554918 0.0156799 0.0223928 0.0272862 0.0368822 0.0545704 0.0780076 0.0275687 0.372966 0.0448394 0.0176233 0.0303802 0.0131879 0.0242235 0.0424157 0.0241037 0.0281948 0.0457687 0.0216666
144 N 3.50199 0.0653468 0.0642701 0.0234901 0.0175064 0.0157925 0.0391037 0.0179777 0.0548126 0.0214071 0.0230919 0.0830228 0.35741 0.0210869 0.024402 0.00911331 0.0205282 0.0275094 0.0710819 0.0198549 0.023192
145 D 3.28404 0.0472158 0.0241318 0.445889 0.0512439 0.0262928 0.0444073 0.0494238 0.0200016 0.0242267 0.0141083 0.0336724 0.0338961 0.016805 0.0181742 0.0206952 0.0131642 0.0301778 0.0223551 0.0331757 0.0309437
146 T 3.33189 0.125615 0.032372 0.0284537 0.0182319 0.0141854 0.0130545 0.0170383 0.0167648 0.0283471 0.0127042 0.012809 0.0647518 0.0119234 0.0217323 0.0116493 0.307716 0.196184 0.0281448 0.0116365 0.0266856
147 T 3.48483 0.0239097 0.0528383 0.0212567 0.0304385 0.0228781 0.0279753 0.0426088 0.0651007 0.0316077 0.0165812 0.0349452 0.0300388 0.0175137 0.0453542 0.0209383 0.0353774 0.391591 0.0458807 0.0232802 0.0198862
148 Y 2.91484 0.0180907 0.0305007 0.0196422 0.0117509 0.0355012 0.0211973 0.0338428 0.0640367 0.0163198 0.0120616 0.0306754 0.0406212 0.0273631 0.0138179 0.0108023 0.0199376 0.0286211 0.0170987 0.0177289 0.53039
149 Q 3.04035 0.0147648 0.0229763 0.0122391 0.0206443 0.0227424 0.0167302 0.0278562 0.0218187 0.0394833 0.021691 0.0310154 0.0230754 0.0158029 0.508526 0.054227 0.0397498 0.0235488 0.0324455 0.024938 0.0257243
150 R 3.32992 0.0197519 0.0299475 0.0238282 0.0307805 0.0197665 0.0470562 0.022525 0.028918 0.0443062 0.0463352 0.0300362 0.0288107 0.0349737 0.0197919 0.435563 0.0346545 0.0158132 0.00994567 0.0508132 0.0263831
151 T 3.24163 0.07453 0.0178555 0.0232761 0.0241671 0.0175322 0.0190348 0.0196311 0.0245037 0.0498023 0.0216165 0.0239991 0.025512 0.0127254 0.0224401 0.0224812 0.0916852 0.435788 0.022673 0.0365395 0.014207
152 R 2.88843 0.0186462 0.0102213 0.0184173 0.0202394 0.0260763 0.0240829 0.0315976 0.0199268 0.0730732 0.0139495 0.0164263 0.0192664 0.0228698 0.0393108 0.536735 0.0199793 0.0299445 0.0147916 0.0244946 0.0199513
153 A 3.29958 0.447325 0.0406651 0.0236869 0.0250618 0.0294708 0.0391282 0.0384076 0.0179738 0.0155994 0.0250747 0.0226999 0.0269399 0.0236753 0.0341322 0.0222121 0.0450062 0.0450364 0.0384343 0.0163224 0.0231481
154 L 3.05123 0.0089378 0.0367031 0.00930114 0.0164864 0.0143346 0.00945416 0.0202845 0.319446 0.017125 0.285004 0.0568876 0.0141436 0.00933122 0.0189531 0.0135169 0.011065 0.0109218 0.09154 0.0204643 0.0160993
155 V 3.49096 0.0374929 0.0183538 0.0341087 0.0126871 0.0301923 0.032695 0.0139901 0.0768291 0.0733096 0.019655 0.0248695 0.0265613 0.00945279 0.0283832 0.0369252 0.0881027 0.051352 0.356534 0.010236 0.0182694
156 R 2.9956 0.0267317 0.0221286 0.0141412 0.020766 0.0118548 0.0278016 0.0392267 0.0334619 0.0222319 0.0131279 0.0216377 0.013164 0.02204 0.0489948 0.517775 0.0326605 0.0198437 0.0420299 0.0211581 0.0292236
157 T 3.57726 0.0843262 0.0695134 0.0167769 0.00659447 0.0136914 0.0116034 0.0106304 0.137414 0.0126632 0.0325643 0.0283984 0.0358099 0.00616881 0.0302125 0.0112388 0.151682 0.163577 0.152283 0.0137858 0.0110663
158 G 3.59612 0.0543446 0.0523523 0.0158179 0.0147985 0.022685 0.330593 0.0613892 0.017632 0.0119741 0.0531229 0.0680705 0.0537013 0.0120686 0.0369685 0.0092711 0.066363 0.0341773 0.0155321 0.0252736 0.0438643
159 M 3.00036 0.0132717 0.031799 0.016948 0.015705 0.00985746 0.0150974 0.014767 0.0470072 0.0264727 0.240203 0.402006 0.0154304 0.011344 0.0246173 0.0136352 0.0211645 0.0224021 0.0279843 0.0167449 0.0135432
160 D 3.24647 0.014789 0.0630137 0.44253 0.0737037 0.0182486 0.0225017 0.0281051 0.0281546 0.0144914 0.0132804 0.0328766 0.0417124 0.0166008 0.0337918 0.0152877 0.0113636 0.0252887 0.0306187 0.0458955 0.0277461
161 P 3.34031 0.21904 0.0230887 0.0139079 0.00574479 0.00736362 0.0754531 0.0137979 0.0150043 0.0219204 0.0192311 0.0121617 0.0179044 0.205696 0.0445632 0.0316294 0.19867 0.0184409 0.0439827 0.00760756 0.00479234
162 R 3.21868 0.0293916 0.019949 0.0166071 0.0257003 0.0390061 0.0274008 0.0194052 0.0374848 0.0513017 0.0267347 0.0258879 0.0126015 0.0366047 0.0251685 0.465067 0.0193459 0.0142329 0.0469838 0.0300397 0.0310867
163 M 3.60405 0.0476635 0.0747016 0.0115511 0.0100018 0.108569 0.012499 0.0122933 0.117555 0.013535 0.0504013 0.194334 0.00868222 0.00675103 0.0173574 0.00827475 0.0173312 0.134956 0.110225 0.0277035 0.0156158
164 C 3.44424 0.285505 0.150205 0.00750477 0.00458815 0.0102308 0.018363 0.0138876 0.0513727 0.0309477 0.0105393 0.108248 0.0677934 0.0193878 0.020595 0.0122303 0.0543408 0.0246328 0.0875609 0.011004 0.0110622
165 S 3.39389 0.13797 0.0543468 0.0744606 0.00909375 0.0141112 0.0349565 0.00670766 0.0133806 0.00474179 0.0110463 0.0589849 0.197912 0.0386774 0.011965 0.00344108 0.23753 0.0548616 0.011298 0.00535374 0.0191603
166 L 3.33648 0.0160368 0.00932514 0.0348769 0.087654 0.0108036 0.00631042 0.0223408 0.0865154 0.0111709 0.277689 0.166936 0.0112806 0.0133519 0.141035 0.0069385 0.0342536 0.0301103 0.012436 0.0109763 0.00995808
167 M 3.21498 0.0131988 0.0242459 0.0110549 0.0135536 0.0143728 0.0324219 0.019099 0.0498996 0.0213534 0.180296 0.39711 0.026712 0.0123436 0.0275781 0.0172113 0.0242653 0.0324931 0.0239409 0.025907 0.0329424
168 Q 3.41547 0.152303 0.0268276 0.0233533 0.0166188 0.0170672 0.0161227 0.0241786 0.0195459 0.0251955 0.0228991 0.0411806 0.0256428 0.0422435 0.341925 0.0256421 0.10861 0.0198674 0.0178227 0.0148664 0.0180874
169 G 3.30895 0.0560177 0.0361197 0.0204334 0.0519905 0.0197782 0.437125 0.0381343 0.0347071 0.0506836 0.0218825 0.0300689 0.0327594 0.0133312 0.0190025 0.0122616 0.0176115 0.0337163 0.0301512 0.0237655 0.020459
170 S 3.16846 0.0327569 0.0194343 0.0327213 0.0165688 0.034297 0.0468526 0.0245874 0.0153595 0.0197183 0.0256431 0.0216946 0.0535953 0.0218768 0.0311567 0.0258547 0.477213 0.0319003 0.0200876 0.0364862 0.0121958
171 T 3.38503 0.0216997 0.144782 0.0642879 0.0250778 0.0197755 0.025882 0.0179089 0.0297247 0.0175826 0.0228431 0.0822291 0.0347265 0.0106932 0.0345272 0.0107243 0.0201073 0.35767 0.0328139 0.017929 0.00901513
172 L 3.44786 0.0719057 0.0464386 0.0121307 0.0161841 0.0368068 0.0118 0.0197293 0.126655 0.0319498 0.347328 0.0506709 0.0171273 0.0313768 0.0726465 0.0162042 0.0207828 0.0174417 0.024599 0.0191309 0.00909253
173 P 3.54837 0.091406 0.0193962 0.0356854 0.0238039 0.0233556 0.015363 0.0380333 0.0135111 0.0520344 0.0244187 0.0137985 0.0292704 0.30921 0.144867 0.0172879 0.0459389 0.0411075 0.0330228 0.00666133 0.0218289
174 R 2.87737 0.00869579 0.0157514 0.0195861 0.0206431 0.0152374 0.0400111 0.0177964 0.0175302 0.0302881 0.0286836 0.0378044 0.0449755 0.0104501 0.0165707 0.539876 0.0251875 0.0425847 0.0209621 0.0380839 0.00928213
175 R 2.87842 0.0126749 0.012807 0.0189386 0.0189682 0.0146109 0.01408 0.0126069 0.0105431 0.340262 0.0121215 0.0451114 0.0194192 0.0130773 0.00966251 0.338944 0.0240422 0.0219351 0.0194372 0.0300797 0.0106782
176 S 3.23783 0.156405 0.0392993 0.0191848 0.0186995 0.0244865 0.0816201 0.0167439 0.0238317 0.0194563 0.00915977 0.0193059 0.0159273 0.0225289 0.0199165 0.0150959 0.395707 0.0377731 0.0184501 0.0140967 0.0323107
177 G 2.99665 0.0196096 0.0238538 0.0201364 0.0425241 0.0448005 0.517771 0.0276297 0.0187795 0.0156244 0.0238392 0.049438 0.0190538 0.022459 0.0245779 0.0249648 0.0234657 0.0136515 0.036598 0.0158105 0.0154129
178 A 3.87908 0.23471 0.014796 0.0385656 0.0147043 0.00855589 0.0218602 0.0453121 0.0252749 0.0458614 0.0753373 0.0462985 0.091757 0.0615407 0.0473172 0.060561 0.0350104 0.0352612 0.0445989 0.0124115 0.040266
179 A 3.16144 0.475849 0.0363864 0.012633 0.046928 0.0344899 0.0385699 0.0216667 0.0197631 0.0417807 0.0201533 0.024449 0.0258632 0.030714 0.0220223 0.0113601 0.0482242 0.024766 0.0363931 0.0144929 0.0134942
180 G 2.99476 0.0266882 0.0271919 0.0373273 0.0320351 0.0392186 0.523659 0.0259093 0.0165543 0.0371295 0.0153019 0.028184 0.0159052 0.0161078 0.0250434 0.023324 0.0248248 0.0200941 0.0209123 0.0239782 0.0206116
181 A 3.81575 0.165546 0.0250992 0.0286733 0.0301002 0.0999537 0.0878069 0.0689488 0.00535657 0.0168535 0.0294702 0.0693045 0.0316338 0.00355201 0.149152 0.0250823 0.042307 0.0139501 0.0132292 0.0683201 0.0256598
182 A 3.43651 0.3491 0.0184832 0.0118628 0.0173054 0.0357169 0.0397368 0.0989925 0.0136291 0.013194 0.0202835 0.0217272 0.12474 0.013735 0.0408189 0.00853272 0.0450318 0.0292413 0.0332836 0.0215919 0.0429936
183 V 3.37686 0.0413207 0.0259475 0.0276984 0.0368867 0.0313443 0.0160879 0.0169399 0.151956 0.0194497 0.0219157 0.032251 0.011849 0.0172942 0.0179358 0.0162001 0.0309457 0.0900488 0.36001 0.0145536 0.0193645
184 K 3.1174 0.0216985 0.0223778 0.014271 0.0428708 0.0179745 0.0434606 0.0355193 0.0236782 0.490048 0.0266899 0.0540659 0.0219506 0.0260432 0.0313912 0.0248508 0.0244387 0.0207213 0.0169888 0.0260293 0.0149313
185 G 3.15951 0.0440658 0.0262841 0.0408225 0.0690053 0.0169205 0.471386 0.0456337 0.0151825 0.0216253 0.0190579 0.0186883 0.0231676 0.0138195 0.034228 0.0334128 0.033248 0.0152514 0.02195 0.0146309 0.0216196
186 V 3.70464 0.0187574 0.0275013 0.0118727 0.0211705 0.0521165 0.00716849 0.0646362 0.126706 0.0292967 0.0460202 0.0650261 0.0194104 0.0394914 0.152318 0.0110617 0.0137213 0.0692486 0.200561 0.00590688 0.0180088
187 G 3.29901 0.167945 0.0346428 0.0201327 0.0230472 0.0132037 0.388243 0.0217294 0.033997 0.0254038 0.0203341 0.0197749 0.0119252 0.0273021 0.0168693 0.0202339 0.0330459 0.0181574 0.0421059 0.0267729 0.0351347
188 T 3.31476 0.0738461 0.0318138 0.0219385 0.0485375 0.0156317 0.0293822 0.0185766 0.0245614 0.028862 0.0191793 0.0153219 0.0176199 0.0242827 0.0304763 0.0121791 0.147668 0.385568 0.0166684 0.0146176 0.0232687
189 M 3.70852 0.0283723 0.217645 0.0143936 0.0224423 0.00937689 0.0358039 0.0369893 0.0561538 0.0190858 0.133779 0.141027 0.0137345 0.0101198 0.0696839 0.0082361 0.0268836 0.0328032 0.0616884 0.0217561 0.0400246
